x0: 1,000000    y0: 0,000000
x1: 1,100000    y1: 0,300000
x2: 1,200000    y2: 0,545455
x3: 1,300000    y3: 0,754545
x4: 1,400000    y4: 0,938462
x5: 1,500000    y5: 1,104396
x6: 1,600000    y6: 1,257143
x7: 1,700000    y7: 1,400000
x8: 1,800000    y8: 1,535294
x9: 1,900000    y9: 1,664706
x10: 2,000000    y10: 1,789474
[0.0, 0.30000000000000004, 0.5454545454545455, 0.7545454545454546, 0.9384615384615386, 1.1043956043956045, 1.2571428571428571, 1.4, 1.5352941176470587, 1.664705882352941, 1.789473684210526, 1.9105263157894734]


x0: 1,000000    ~y0: 0,300000    y0: 0,000000
x1: 1,100000    ~y1: 0,523140    y1: 0,272727
x2: 1,200000    ~y2: 0,720282    y2: 0,504339
x3: 1,300000    ~y3: 0,898150    y3: 0,706904
x4: 1,400000    ~y4: 1,061463    y4: 0,888373
x5: 1,500000    ~y5: 1,213600    y5: 1,054154
x6: 1,600000    ~y6: 1,357024    y6: 1,208027
x7: 1,700000    ~y7: 1,493559    y7: 1,352700
x8: 1,800000    ~y8: 1,624582    y8: 1,490154
x9: 1,900000    ~y9: 1,751141    y9: 1,621864
x10: 2,000000    ~y10: 1,874051    y10: 1,748945


x0: 1,000000    y0: 0,000000
x1: 1,100000    y1: 0,273552
x2: 1,200000    y2: 0,505553
x3: 1,300000    y3: 0,708281
x4: 1,400000    y4: 0,889793
x5: 1,500000    y5: 1,055553
x6: 1,600000    y6: 1,209373
x7: 1,700000    y7: 1,353977
x8: 1,800000    y8: 1,491356
x9: 1,900000    y9: 1,622990
x10: 2,000000    y10: 1,749998
